6279,52
6279,51
6279,50
6279,49
6279,48
6279,47
6279,46
6279,45
6279,44
6279,43
6279,42
6279,41
6279,40
6279,39
6279,38
6279,37
6279,36
6279,35
6106,1
6106,3
14,9
3,2
3,1
3,3
10,281
10,241
10,227
10,259
10,211
10,75
10,231
10,311
11,8
11,13
11,20
11,16
11,26
9,5
8,13
8,16
8,10
8,12
8,18
8,14
6274,4
6274,3
6274,2
6274,1
6274,0
6272,3
6272,2
6272,1
6272,0
6271,3
6271,2
6271,1
6271,0
6270,3
6270,2
6270,1
6270,0
6269,6
6269,5
6269,4
6269,3
6269,2
6269,1
6269,0
6266,6
6266,5
6266,4
6266,3
6266,2
6266,1
6266,0
6263,7
6263,6
6263,5
6263,4
6263,3
6263,2
6263,1
6263,0
6260,4
6260,3
6260,2
6260,1
6260,0
6258,5
6258,4
6258,3
6258,2
6258,1
6258,0
6255,3
6255,2
6255,1
6255,0
6254,5
6254,4
6254,3
6254,2
6254,1
6254,0
6251,5
6251,4
6251,3
6251,2
6251,1
19,3
6251,0
6248,3
6248,2
6248,1
6248,0
6247,3
6247,2
6247,1
6131,4
6131,3
6131,1
6128,3
6128,1
6127,4
6127,3
6127,1
6124,4
6124,3
6124,1
6121,3
6121,1
20,3
20,2
20,1
19,2
19,1
12,3
